0001  0001  0001  0001  0001  0001  0001  0001  0001  0001  0001  0001  0001  0001  0001  0001  0001  0001  0001  0001  0001  
0001  15000 15000 15000 15000 15000 15000 15000 15000 15000 15000 15000 15000 15000 15000 15000 15000 15000 15000 15000 0001
0001  15001 14100 14100 14100 14100 14100 14100 14101 14100 14101 14100 14101 14100 14100 14100 14100 14100 14100 15001 0001
0001  15001 14200 14200 14200 14200 14200 14200 14201 14200 14201 14200 14201 14200 14200 14200 14200 14200 14200 15001 0001
0001  15001 14001 14000 14000 14000 14000 14000 16100 14000 14000 14000 16100 14000 14000 14000 14000 14000 14000 15001 0001
0001  15001 14001 16000 16009 16001 14000 14000 16011 14000 14000 14000 16011 14000 14000 16002 16003 16004 14000 15001 0001
0001  15001 14001 16005 16006 16231 14000 14000 16010 16020 16021 16020 16030 14000 14000 16210 16007 16008 14000 15001 0001
0001  15001 14001 14000 14000 14000 14000 14000 10213 10221 10221 10221 10231 14000 14000 14000 14000 14000 14000 15001 0001
0001  15001 14001 16040 16041 16042 14000 14000 14000 14000 14000 14000 14000 14000 14000 16043 16044 16045 14000 15001 0001
0001  15001 14001 10212 10220 10230 14000 14000 14000 14000 14000 14000 14000 14000 14000 10212 10220 10230 14000 15001 0001
0001  15000 15000 15000 15000 15000 15000 15000 15000 14000 14000 14000 15000 15000 15000 15000 15000 15000 15000 15000 0001
0001  14110 14120 14120 14120 14120 14120 14120 14130 14001 14000 14000 14110 14120 14120 14120 14120 14120 14120 14130 0001
0001  14210 14220 14220 14220 14220 14220 14220 14230 14001 14000 14000 14210 14220 14220 14220 14220 14220 14220 14230 0001