0001  0001  0001  0001  0001  0001  0001  0001  0001  0001  0001  0001  0001  0001  0001  0001  0001  0001  0001  0001  0001  
0001  13112 13123 13123 13123 13123 13022 13022 13022 13022 13022 13022 13022 90000 13022 13022 13022 13022 13022 13132 0001
0001  13010 13020 13020 13020 13030 92104 92105 92104 12106 92104 92105 92104 13021 12010 12030 92104 12107 92104 13021 0001 
0001  13010 13020 13020 13020 13030 11103 12209 92206 92207 92206 12209 92206 13021 11103 11100 92206 12208 92206 13021 0001
0001  13010 13120 13120 13120 13230 11202 10002 10000 10000 10000 10000 10000 13021 11202 11002 90221 50133 50134 13021 0001
0001  13021 92104 92104 12108 92104 10002 10000 10000 10001 10000 10000 10000 13220 10002 10000 10222 50143 11204 13021 0001 
0001  13021 92206 92206 12109 92206 10002 10000 11020 11020 11020 10000 10000 92104 10002 10000 10223 10220 10230 13021 0001 
0001  13021 11005 11004 11003 11003 10000 10001 11020 11020 11020 10001 10000 92206 10002 10000 10000 10000 10000 13021 0001 
0001  13021 10006 10007 10007 10007 10000 10000 11020 11020 11020 10000 10000 10000 10000 10000 10000 10000 10000 13021 0001
0001  13021 10013 10000 10000 10000 10000 10000 90010 10011 10012 10000 10000 13125 10000 10000 13011 13022 13022 13031 0001
0001  13021 10014 10000 10000 10000 13125 10000 10000 10000 10000 10000 10000 13021 10002 10000 92104 92104 92104 13021 0001
0001  13021 10015 10000 10000 10000 13021 10002 10000 10000 10000 10000 10000 13021 10002 10000 92206 92206 92206 13021 0001
0001  13021 10002 10000 10000 10000 13021 10002 10000 10000 10000 10000 10000 13021 10002 10000 10000 10000 11101 13021 0001
0001  13021 10002 10000 10000 10000 13021 13022 13032 10000 10000 13011 13022 13031 10002 10000 10000 10000 11201 13021 0001 
0001  13021 10002 10000 10000 10000 13021 0001  0001  0001  0001  0001  0001  13021 10002 10000 10000 10000 10000 13021 0001
0001  13211 13022 13022 13022 13022 13230 0001  0001  0001  0001  0001  0001  13211 13022 13022 13022 13022 13022 13230 0001
0001  0001  0001  0001  0001  0001  0001  0001  0001  0001  0001  0001  0001  0001  0001  0001  0001  0001  0001  0001  0001