0001  0001  0001  0001  0001  0001  0001  0001  0001  0001  0001  0001  0001  0001  0001  0001  0001  0001  0001  
0001  13111 13022 13022 13022 13022 13122 13022 13022 13022 13022 13022 13022 13022 13132 13123 13123 13131 0001      
0001  13021 12104 12105 12105 12104 13021 12104 12105 12104 12105 12105 12105 12105 13010 13020 13020 13030 0001
0001  13021 12206 11104 11105 12206 13021 12206 12207 12206 11110 11130 12207 12207 13211 13120 13120 13033 0001
0001  13021 11101 11203 11205 11101 13021 11012 11020 11031 11206 11206 11008 11009 12105 12104 12105 13021 0001
0001  13021 11201 10020 10020 11201 13021 10010 10021 10031 10000 10000 10000 10000 12207 12206 12207 13021 0001
0001  13021 10210 10220 10220 10230 13021 10002 10000 10000 10000 10000 10000 10000 11003 11004 11005 13021 0001
0001  13021 10002 10000 13011 13022 13231 10002 10000 10000 10000 10000 10000 10000 10000 10000 10000 13021 0001
0001  13021 10002 10000 12105 12105 12105 10002 10001 11111 11131 10001 10000 13011 13022 13022 13022 13031 0001
0001  13021 10002 10000 12207 12207 12207 10002 10001 11010 11030 10001 10000 12105 12105 12105 12105 13021 0001
0001  13021 10002 10000 10000 10000 10000 10000 10000 10011 10031 10000 10000 12207 12207 11110 11130 13021 0001
0001  13021 10002 10000 10000 10000 10000 10000 10000 10000 10000 10000 10000 10000 10000 11206 11206 13021 0001
0001  13021 10002 10000 10000 10000 10000 10000 10000 10000 10000 10000 10000 10000 10000 10000 10000 13021 0001
0001  13212 13022 13022 13022 13022 13022 13133 10000 10000 13111 13022 13022 13022 13022 13022 13022 13231 0001
0001  0001  0001  0001  0001  0001  0001  13021 10002 10000 13021 0001  0001  0001  0001  0001  0001  0001  0001  