0001  0001  0001  0001  0001  0001  0001  0001  0001  0001  0001  0001  0001  0001  0001  0001  0001  0001  0001  0001  0001  
0001  13111 13022 13022 13022 13022 13122 13022 13022 13022 13022 13022 13122 13022 13022 13022 13022 13022 13022 13133 0001 
0001  13021 12100 12102 12100 12100 13021 12100 12100 12103 12100 12100 13021 12100 12100 12010 12030 12100 12100 13021 0001 
0001  13021 12200 12204 12200 11022 13021 11022 12200 12205 12200 12200 13021 12200 12200 12200 12200 12201 12202 13021 0001 
0001  13021 11101 10000 10000 11002 13021 11002 11007 10000 10000 11101 13021 10002 10001 10003 10001 10000 11001 13021 0001 
0001  13021 11201 10000 10000 10000 13021 10002 10000 10000 10000 11201 13021 10002 10000 10001 10000 10000 10000 13021 0001 
0001  13021 10002 10000 10000 10001 13021 10002 10000 10000 10000 10000 13021 10002 10000 10000 10000 10000 10000 13021 0001 
0001  13021 10002 10000 10000 10005 13021 10002 10000 10000 10000 10004 13021 10002 10000 10000 10000 10000 10000 13021 0001 
0001  13021 10002 10000 10000 10000 13021 10002 10000 10000 10000 10000 13021 10002 10000 10000 10000 10000 10000 13021 0001 
0001  13021 10002 10000 10000 10000 13021 10002 10000 10000 10000 10000 13021 10002 10000 10000 10000 10000 10000 13021 0001 
0001  13111 13032 10000 13011 13022 13210 13022 13032 10000 13011 13022 13231 10002 10000 13011 13022 13022 13022 13031 0001 
0001  13021 12100 10002 12100 12100 12101 12100 12100 10002 12100 12100 12100 10002 10000 12100 12100 12100 12100 13021 0001 
0001  13021 12200 10002 12200 12200 12200 12200 12200 10002 12200 12200 12200 10002 10000 12200 11100 12200 12200 13021 0001  
0001  13021 10002 10000 10000 10000 10000 10000 10000 10000 10000 10000 10000 10000 10000 10000 11200 10000 10000 13021 0001
0001  13021 10002 10000 10000 10000 10000 10000 10000 10000 10000 10000 10000 10000 10000 10000 10000 10000 10000 13021 0001
0001  13021 10002 10000 10000 10000 10000 10000 10000 10000 10000 10000 10000 10000 10000 10000 10000 10000 10000 13021 0001
0001  13212 13022 13022 13022 13022 13022 13022 13133 10000 10000 13111 13022 13022 13022 13022 13022 13022 13022 13231 0001
0001  0001  0001  0001  0001  0001  0001  0001  13021 10002 10000 13021 0001  0001  0001  0001  0001  0001  0001  0001  0001  