0001  0001  0001  0001  0001  0001  0001  0001  0001  0001  0001  0001  0001  0001  0001  0001  0001  0001  0001  0001
0001  70001 70000 70000 70000 70002 70000 70000 70000 70000 70000 70000 70000 70000 70000 70000 70000 70000 70004 0001
0001  70004 70005 70006 70007 70004 70005 70008 70006 70008 70008 70010 70008 70011 70008 70008 70012 70007 70004 0001
0001  70004 70005 70013 70014 70004 70016 70016 70015 70016 70016 70016 70016 70017 70016 70018 70018 70019 70004 0001
0001  70004 70101 70100 70020 70004 70103 70104 70105 70100 70100 70100 70100 70100 70100 70021 70021 70106 70004 0001 
0001  70004 70102 70100 70100 70022 70107 70109 70109 70100 70100 70100 70100 70100 70100 70100 70100 70100 70004 0001
0001  70004 70023 70100 70024 70027 70108 70100 70100 70100 70100 70100 70100 70111 70112 70113 70114 70100 70004 0001
0001  70004 70025 70115 70026 70028 70110 70100 70100 70100 70100 70100 70100 70111 70113 70112 70114 70100 70004 0001
0001  70004 70116 70100 70100 70100 70100 70100 70100 70100 70100 70100 70100 70100 70100 70100 70100 70100 70004 0001
0001  70004 70116 70100 70100 70100 70100 70100 70100 70100 70100 70100 70100 70100 70100 70100 70100 70100 70004 0001
0001  70029 70000 70000 70000 70000 70000 70030 70100 70100 70100 70031 70000 70000 70000 70000 70000 70000 70032 0001
0001  70005 70008 70008 70008 70008 70008 70007 70116 70100 70100 70005 70008 70008 70008 70008 70008 70008 70007 0001
0001  70005 70008 70008 70008 70008 70008 70007 70116 70100 70100 70005 70008 70008 70008 70008 70008 70008 70007 0001