0001 0001 0001 0001 0001 0001 0001 0001 0001  0001 0001 0001 0001 0001 0001 0001 0001
0001  13111 13022 13022 13022 13022 13022 13022 13022 13022 13022 13022 13022 13022 13022 13133 0001
0001  13021 12100 12100 12100 12100 12100 12100 12103 12100 12100 12103 12100 12100 12100 13021 0001
0001  13021 60100 60200 60200 60100 60100 12200 12205 60300 60300 12205 60300 60300 60100 13021 0001
0001  13021 60110 60210 60210 60110 60110 11107 10000 60310 60310 10000 60310 60310 60110 13021 0001
0001  13021 10002 10000 10000 10000 10000 11023 10000 10000 10000 10000 10000 10000 10000 13021 0001
0001  13021 60040 60050 60050 10000 10000 11023 10001 10000 10001 10000 10001 10000 10001 13021 0001
0001  13021 60060 60070 60070 10000 10000 11024 11026 11025 11026 11025 11026 11025 11026 13021 0001
0001  13021 10010 10021 10031 10000 10000 14005 10221 14006 10221 14006 10221 14006 10231 13021 0001
0001  13021 10002 10000 10000 10000 10000 10000 10000 10000 10000 10000 10000 10000 10000 13021 0001 
0001  13021 60080 60090 60090 10000 10000 10000 10000 10000 10000 10000 10000 60100 60300 13021 0001 
0001  13021 60040 60050 60050 10000 10000 10000 10000 10000 10000 10000 10000 60110 60310 13021 0001 
0001  13021 10010 10021 10031 10000 10000 10000 10000 10000 10000 10000 10000 10000 10000 13021 0001 
0001  13212 13022 13022 13022 13022 13133 10002 10000 10000 13111 13022 13022 13022 13022 13231 0001
0001  0001  0001  0001  0001  0001  13021 10002 10000 10000 13021 0001  0001  0001  0001  0001  0001