20000 20000 20000 20000 20000 20000 20000 20000 20000 20001 20000 20000 20000 20001 20002 20002 20012 20106 20116 20126 0001  0001  0001  0001  0001  
20102 20110 20101 20100 20111 20110 20111 20103 20000 20002 20002 20000 20000 20012 20005 20005 20015 20190 20190 20106 20116 20126 0001  0001  0001  
20100 20111 20103 20102 20103 20102 20103 20000 20012 20005 20005 20007 20007 20015 20300 20300 20300 20180 20180 20190 20190 20106 20116 20126 0001
20102 20103 20000 20000 20002 20002 20002 20012 20015 20005 20005 20007 20007 20025 20301 20301 20301 20010 20020 20180 20114 20190 20190 20106 20116 
20000 20000 20002 20012 20005 20005 20005 20015 20025 20302 20000 20000 20000 20000 20000 20000 20000 20201 3029 20030 20105 20180 20180 20190 20190 
20000 20012 20005 20015 20005 20005 20005 20025 20302 20000 20000 20000 20000 20040 20000 20000 20210 20211 20212 20060 20050 20104 20303 20120 10121 
20032 20015 20005 20203 20204 20204 20204 20205 20000 20000 20000 20001 20000 20000 20000 20000 20220 20221 20222 20304 20304 20105 20303 20102 20103 
20032 20025 20304 20213 20214 20214 20214 20215 20210 20211 20212 20000 20000 20000 20001 20000 20000 20000 20001 20000 20000 20000 20303 20100 20101 
20032 20010 20304 20223 20224 20224 20224 20225 20220 20221 20222 20000 20000 20305 20305 20385 20385 20306 20300 20000 20040 20001 20303 20104 20103 
20032 20010 20030 20206 20216 20226 20216 20206 20315 20325 20335 20000 20001 20345 20355 20070 20070 20070 20300 20000 20000 20000 20303 20105 20000 
20032 20010 20030 20236 20246 6000 20266 20276 20071 20070 20072 20000 20000 20073 20070 20070 20070 20070 20301 20000 20366 20367 20313 20323 20323
20032 20010 20030 20105 20105 20062 20000 20000 20074 20075 20076 20000 20000 20074 20075 20075 20075 20075 20076 20000 20000 20000 20000 20000 20000 
20032 20010 20030 20000 20000 20080 20081 20081 20081 20081 20081 20081 20081 20081 20081 20081 20081 20081 20081 20081 20081 20081 20081 20081 20081 
20032 20010 20030 20000 20000 20082 20083 20083 20083 20083 20083 20084 20085 20083 20083 20083 20083 20083 20083 20083 20083 20083 20083 20083 20083 
20000 20003 20000 20333 20343 20078 20363 20373 20001 20040 20000 20086 20087 20077 20079 20079 20325 20385 20385 20000 20000 20001 20000 20000 20000 
20000 20032 20000 20353 20078 20078 20078 20233 20233 20233 20000 20086 20087 20073 20070 20070 20070 20070 20335 20000 20060 20020 20393 20323 20323 
20001 20032 20000 20353 20078 20078 20078 20243 20243 20243 20000 20086 20087 20345 20070 20070 20070 20070 20312 20030 20134 20030 20303 20100 20101 
20000 20032 20000 20363 20383 20383 20343 20207 20217 20227 20000 20086 20087 20315 20325 20305 20325 20306 20306 20030 20105 20030 20303 20104 20110 
20000 20032 20000 20000 20000 20040 20000 20000 20000 20001 20000 20086 20087 20000 20000 20000 20000 20000 20000 20030 20030 20030 20303 20105 20102 
20000 20032 20100 20101 20000 20000 20000 20000 20100 20101 20000 20086 20087 20000 20001 20000 20000 20000 20000 20060 20050 20061 20303 20000 20000 
20000 20032 20102 20110 20101 20000 20100 20101 20102 20103 20000 20086 20087 20000 20000 20000 20210 20211 20212 20000 20000 20000 20303 20000 20136 
20020 20032 20000 20102 20103 20000 20102 20110 20101 20000 20000 20086 20087 20100 20101 20000 20220 20221 20222 20000 20000 20000 20303 20136 20146 
20020 20000 20052 20003 20000 20000 20000 20102 20103 20001 20000 20086 20087 20102 20103 20000 20000 20000 20000 20000 20136 20156 20156 20146 0001  
20060 20020 20000 20000 20052 20052 20003 20313 20303 20303 20373 20086 20087 20313 20303 20303 20373 20136 20156 20156 20146 0001  0001  0001  0001  
20030 20060 20020 20000 20000 20000 20032 20000 20000 20000 20000 20086 20087 20000 20000 20000 20136 20146 0001  0001  0001  0001  0001  0001  0001  