13020 13020 13020 13020 13020 13020 13020 13020 13020 13020 13020 13020 13020 13020 13020 13020 13020 13020 13020 13020 13020
13020 13020 13020 13110 13120 13120 13120 13120 13121 13120 13120 13120 13120 13120 13120 13120 13120 13120 13130 13020 13020 
13020 13020 13020 13030 12102 12100 12102 12100 13021 12100 12103 12100 12100 12103 12100 12100 12103 12100 13010 13020 13020
13020 13020 13020 13030 12204 12200 12204 11000 13220 11100 12205 12200 12200 12205 12201 11006 12205 12200 13010 13020 13020
13020 13110 13120 13230 11101 11001 11101 11002 12100 11200 10001 10001 10001 10001 10000 11001 11004 11005 13010 13020 13020
13020 13030 12100 12100 11201 10020 11201 10030 12200 10002 11010 11020 11020 11030 10000 10000 10000 10000 13010 13020 13020
13020 13030 12200 12200 10211 10220 10220 10230 10000 10000 10003 10003 10003 10003 10000 10000 10000 10000 13010 13020 13020
13020 13030 10002 11007 10000 10000 10000 10001 13111 13022 13022 13022 13022 13022 13022 13032 10000 10000 13211 13130 13020
13020 13030 10002 10001 10000 10000 10000 10005 13021 12100 12100 12100 12100 12101 12100 12100 10002 10000 12100 13010 13020
13120 13210 13022 13022 13022 13022 13022 13022 13031 12200 12200 12200 12202 12203 11103 12200 10002 10000 12200 13010 13020
12100 12100 12100 12100 12100 12100 12100 12100 13021 10004 10000 10001 10000 11102 11202 10002 10000 10000 10000 13010 13020
12200 12200 12200 12200 12200 12200 12200 12200 13021 11011 11021 11022 11021 11230 10000 10000 13112 13131 10000 13010 13020
0001  0001  0001  0001  0001  0001  0001  0001  13021 10210 10221 10221 10221 10231 10000 10000 13211 13230 10002 13010 13020
0001  0001  0001  0001  0001  0001  0001  0001  13021 10002 10000 10000 10000 10000 10000 10000 12010 12030 10002 13010 13020
0001  0001  0001  0001  0001  0001  0001  0001  13021 10002 10000 10000 10000 10000 10000 6001  12020 12020 10000 13010 13020
0001  0001  0001  0001  0001  0001  0001  0001  13021 10002 10000 10000 10000 10000 10000 10000 10000 10000 10000 13010 13020 
0001  0001  0001  0001  0001  0001  0001  0001  13021 10002 10000 10000 10000 10000 10000 10000 10000 10000 10000 13010 13020 
0001  0001  0001  0001  0001  0001  0001  0001  13021 10002 10000 10000 13011 13022 13022 13022 13022 13022 13022 13120 13120
0001  0001  0001  0001  0001  0001  0001  0001  12100 10002 10000 10000 12100 12100 12100 12100 12100 12100 12100 12100 12100 
0001  0001  0001  0001  0001  0001  0001  0001  12200 10002 10000 10000 12200 12200 12200 12200 12200 12200 12200 12200 12200   
