0001  0001  0001  0001  0001  0001  0001  0001  0001  0001  0001  0001  0001  0001  0001  0001  0001  
0001  13111 13022 13022 13022 13022 13022 13022 13122 13022 13022 13022 13022 13022 13022 13133 0001
0001  13021 12100 12100 12100 12010 12030 12100 13021 12100 12100 12100 12100 12100 12100 13021 0001 
0001  13021 12200 12200 12200 12200 12200 12200 13220 12200 12200 12200 12200 11103 11000 13021 0001 
0001  13021 10002 11001 11101 10020 10020 11101 12100 11101 10020 10020 11101 11202 11002 13021 0001 
0001  13021 10002 10003 11201 10220 10220 11201 12200 11201 10220 10220 11201 10000 10000 13021 0001 
0001  13021 10002 10000 10000 10000 10000 10000 10000 10000 10000 10000 10000 10000 10000 13021 0001 
0001  13212 13022 13022 13022 13022 13022 13022 13022 13122 13032 10000 10000 13011 13022 13031 0001 
0001  12100 12100 12100 12100 12100 12100 12100 12100 13021 12100 10002 10000 12100 12100 13021 0001 
0001  12200 12200 12200 12200 12200 12200 12200 12200 13021 12200 10002 10000 12200 12200 13021 0001 
0001  0001  0001  0001  0001  0001  0001  0001  0001  13021 10002 10000 10000 10000 10000 13021 0001 
0001  0001  0001  0001  0001  0001  0001  0001  0001  13021 10002 10000 6002  10000 10000 13021 0001
0001  0001  0001  0001  0001  0001  0001  0001  0001  13212 13022 13022 13022 13022 13022 13231 0001
0001  0001  0001  0001  0001  0001  0001  0001  0001  12100 12100 12100 12100 12100 12100 12100 0001
0001  0001  0001  0001  0001  0001  0001  0001  0001  12200 12200 12200 12200 12200 12200 12200 0001 