0001  0001  0001  0001  0001  0001  0001  0001  0001  0001  0001  0001  0001  0001  0001  0001  0001  0001  0001  0001  0001  
0001  50000 50000 50000 50000 50000 50000 50000 50000 50000 50000 50000 50000 50000 50000 50000 50000 50000 50000 50000 0001 
0001  50000 50000 50000 50000 50200 50200 50200 50200 50200 50200 50200 50200 50200 50200 50000 50201 50201 50201 50000 0001
0001  50000 50000 50000 50000 50200 50200 50200 50200 50200 50200 50200 50200 50200 50200 50000 50202 50202 50202 50000 0001
0001  50000 50000 50000 50000 50101 50100 50100 50100 50100 50100 50100 50100 50100 50100 50000 50101 50100 50100 50000 0001
0001  50000 50200 50200 50200 50101 50100 50100 50102 50103 50104 50103 50105 50100 50100 50000 50101 50106 50106 50000 0001
0001  50000 50203 50200 50200 50101 50100 50100 50107 50111 50109 50111 50108 50100 50100 50200 50101 50110 50110 50000 0001
0001  50000 11005 11004 11003 50100 50100 50100 50112 50113 50114 50115 50116 50100 50100 50200 50101 50100 50100 50000 0001
0001  50000 50101 50100 50100 50100 50100 50100 50107 50111 50117 50111 50108 50100 50100 50100 50100 50100 6001  50000 0001
0001  50000 50101 50100 50100 50100 50100 50100 50118 50119 50120 50121 50122 50100 50000 50000 50000 50000 50000 50000 0001 
0001  50000 50000 50000 50000 50000 50000 50000 50000 50000 50100 50100 50100 50100 50000 50200 50200 50200 50200 50000 0001
0001  50200 50200 50200 50200 50200 50200 50200 50200 50000 50101 50100 50000 50000 50000 50200 50200 50200 50200 50000 0001
0001  50200 50200 50200 50200 50200 50200 50200 50200 50000 50101 50100 50200 50200 50200 50101 50100 50133 50134 50000 0001
0001  0001  0001  0001  0001  0001  0001  0001  0001  50000 50101 50100 50200 50200 50200 50101 50100 50143 11204 50000 0001
0001  0001  0001  0001  0001  0001  0001  0001  0001  50000 50101 50100 50100 50100 50100 50100 50100 50100 50100 50000 0001
0001  0001  0001  0001  0001  0001  0001  0001  0001  50000 50101 50100 50000 50000 50000 50000 50000 50000 50000 50000 0001
0001  0001  0001  0001  0001  0001  0001  0001  0001  50000 50123 50124 50200 50200 50200 50200 50200 50200 50200 50200 0001
0001  0001  0001  0001  0001  0001  0001  0001  0001  50000 50101 50100 50200 50200 50200 50200 50200 50200 50200 50200 0001