0001  0001  0001  0001  0001  0001  0001  0001  0001  0001  0001  0001  0001  0001  0001  0001  0001  0001  0001  0001  0001  
0001  50000 50000 50000 50000 50000 50000 50000 50000 50000 50000 50000 50000 50000 50000 50000 50000 50000 50000 50000 0001
0001  50000 50204 50200 50200 50205 50000 50206 50207 50208 50209 50210 50000 50211 50212 50200 50213 50214 50200 50000 0001
0001  50000 50200 50200 50200 50200 50000 50215 50216 50217 50218 50219 50000 50200 50200 50200 50200 50200 50200 50000 0001
0001  50000 50125 50100 50133 50134 50000 50101 50126 50127 50128 50100 50000 50129 50130 50131 50132 50131 50132 50000 0001
0001  50000 50135 50100 50143 50144 50000 50101 50140 50141 50142 50100 50000 50136 50139 50137 50139 50137 50138 50000 0001
0001  50000 50101 50100 50000 50000 50000 50101 50145 50146 50147 50100 50000 50000 50000 50100 50100 50000  50000  50000 0001
0001  50000 50101 50100 50200 50200 50200 50101 50100 50100 50100 50100 50200 50200 50200 50101 50100 50200  50200  50000 0001
0001  50000 50101 50100 50200 50200 50200 50101 50100 50100 50100 50100 50200 50200 50200 50101 50100 50200 50200 50000 0001
0001  50000 50101 50100 50100 50100 50100 50100 50100 50100 50100 50100 50100 50100 50100 50100 50100 50100 6002  50000 0001
0001  50000 50000 50100 50100 50000 50000 50000 50100 50100 50100 50000 50000 50000 50000 50100 50100 50000 50000 50000 0001
0001  50000 50200 50101 50100 50200 50000 50200 50101 50100 50100 50200 50000 50200 50200 50101 50100 50200 50200 50000 0001
0001  50000 50200 50101 50100 50200 50000 50200 50101 50100 50100 50200 50000 50220 50221 50101 50100 50200 50200 50000 0001
0001  50000 50101 50100 50100 50100 50000 50101 50100 50100 50100 50100 50000 50222 50222 50100 50100 50100 50100 50000 0001
0001  50000 50101 50100 50100 50100 50000 50101 50100 50100 50100 50100 50000 50223 50224 50100 50100 50100 50100 50000 0001
0001  50000 50000 50000 50000 50000 50000 50000 50000 50000 50000 50000 50000 50000 50000 50000 50000 50000 50000 50000 0001
0001  50200 50200 50225 50225 50200 50200 50200 50200 50200 50200 50200 50200 50200 50200 50225 50225 50200 50200 50200 0001
0001  50200 50200 50226 50226 50200 50200 50200 50200 50200 50200 50200 50200 50200 50200 50226 50226 50200 50200 50200 0001