0001  0001  0001  30102 30108 30104 30001 30120 30121 30002 30002 30002 30002 30000 30003 30000 30122 30123 30122 30123 30002 30002 30002 30002 30120 30121 30105 30101 0001  0001  
30100 30108 30108 30104 30112 30112 30001 30002 30004 30006 30006 30006 30007 30002 30003 30002 30002 30002 30002 30004 30006 30006 30006 30006 30127 30123 30112 30105 30108 30101 
30110 30112 30112 30112 30113 30114 30005 30006 30007 30006 30115 30116 30007 30008 30009 30009 30006 30006 30006 30007 30006 30006 30006 30006 30006 30014 30130 30112 30112 30111 
30110 30130 30131 30131 30122 30123 30004 30115 30116 30132 30125 30123 30000 30008 30009 30010 30006 30115 30116 30115 30128 30011 30012 30013 30006 30129 30123 30113 30114 30111 
30110 30001 30133 30133 30004 30006 30007 30122 30123 30122 30123 30200 30000 30000 30000 30000 30000 30122 30124 30125 30123 30015 30016 30017 30018 30006 30014 30122 30123 30111 
30110 30134 30006 30006 30007 30135 30135 30000 30000 30000 30000 30201 30137 30000 30202 30000 30000 30201 30122 30124 30121 30019 30020 30021 30022 30006 30023 30002 30000 30105 
30110 30133 30115 30116 30007 30136 30136 30000 30000 30203 30203 30204 30137 30000 30202 30000 30000 30204 30120 30125 30123 30024 30015 30016 30017 30018 30006 30006 30014 30112 
30110 30005 30138 30139 30025 30000 30000 30026 30027 30028 30029 30000 30000 30000 30202 30000 30000 30000 30122 30123 30120 30121 30019 30033 30034 30035 30006 30007 30014 30113 
30110 30005 30001 30000 30023 30002 30002 30030 30031 30032 30032 30002 30002 30000 30202 30000 30209 30002 30002 30000 30122 30123 30024 30001 30000 30000 30000 30200 30014 30122 
30104 30005 30001 30000 30006 30006 30006 30006 30006 30006 30006 30006 30006 30009 30009 30009 30006 30006 30006 30014 30000 30000 30134 30001 30206 30207 30208 30140 30014 30000 
30112 30005 30001 30210 30120 30121 30210 30120 30121 30000 30000 30000 30000 30036 30037 30038 30137 30000 30000 30126 30121 30000 30136 30001 30212 30213 30214 30136 30126 30121 
30130 30005 30001 30211 30122 30123 30211 30122 30123 30000 30141 30000 30224 30039 30040 30041 30000 30000 30000 30127 30142 30002 30004 30001 30215 30216 30217 30143 30125 30123 
30000 30024 30001 30218 30218 30000 30219 30219 30000 30000 30133 30000 30225 30039 30040 30041 30228 30229 30000 30006 30006 30006 30007 30001 30036 30038 30132 30125 30124 30120 
30120 30144 30001 30000 30000 30000 30209 30209 30000 30000 30000 30000 30226 30039 30040 30041 30000 30000 30000 30000 30000 30000 30000 30000 30039 30041 30129 30124 30125 30123 
30122 30145 30001 30000 30000 30003 30229 30000 30000 30000 30000 30230 30227 30039 30040 30041 30230 30231 30231 30231 30231 30232 30000 30000 30039 30041 30023 30122 30124 30121 
30037 30037 30037 30043 30037 30037 30037 30037 30037 30037 30037 30037 30037 30040 30040 30041 30234 30000 30236 30236 30236 30234 30120 30121 30039 30041 30006 30006 30126 30121 
30042 30042 30042 30043 30042 30042 30042 30042 30042 30042 30042 30042 30042 30040 30040 30041 30234 30235 30236 30000 30000 30234 30122 30123 30039 30041 30006 30007 30129 30123 
30000 30120 30121 30019 30011 30013 30120 30121 30047 30209 30209 30228 30000 30039 30040 30041 30234 30000 30235 30000 30236 30234 30000 30000 30039 30041 30006 30006 30014 30000 
30120 30125 30124 30144 30048 30022 30122 30123 30044 30045 30046 30000 30000 30039 30040 30041 30237 30232 30238 30202 30239 30240 30200 30200 30039 30041 30224 30000 30006 30126 
30122 30123 30122 30145 30048 30017 30013 30000 30000 30000 30000 30230 30036 30040 30040 30040 30038 30000 30000 30202 30000 30000 30218 30218 30039 30041 30241 30242 30006 30129
30120 30121 30149 30007 30048 30021 30022 30036 30037 30037 30037 30037 30040 30040 30040 30040 30040 30037 30037 30037 30037 30037 30037 30037 30040 30041 30000 30000 30000 30014 
30122 30145 30007 30007 30015 30034 30035 30051 30042 30042 30042 30042 30040 30040 30040 30040 30040 30042 30042 30042 30042 30042 30042 30042 30042 30041 30000 30000 30000 30014 
30024 30007 30007 30001 30000 30000 30000 30000 30000 30000 30000 30000 30051 30040 30040 30040 30040 30000 30000 30000 30000 30000 30000 30000 30000 30000 30000 30000 30132 30121
30024 30007 30146 30147 30232 30148 30232 30232 30232 30232 30148 30237 30000 30039 30040 30041 30000 30231 30148 30232 30148 30232 30120 30147 30025 30052 30149 30150 30122 30123 
30024 30001 30122 30123 30000 30133 30003 30000 30050 30000 30133 30234 30000 30039 30040 30041 30000 30234 30133 30000 30133 30000 30122 30123 30023 30002 30122 30124 30121 30000
30000 30019 30000 30030 30000 30000 30000 30045 30031 30000 30000 30234 30000 30039 30040 30041 30000 30234 30000 30000 30000 30000 30000 30000 30006 30006 30023 30122 30124 30121 
30127 30000 30019 30000 30030 30045 30046 30106 30109 30109 30107 30234 30000 30039 30040 30041 30000 30234 30106 30109 30109 30107 30000 30003 30115 30116 30006 30126 30125 30123 
30103 30107 30000 30052 30052 30052 30106 30102 0001  0001  30103 30107 30000 30039 30040 30041 30000 30106 30102 0001  0001  30103 30107 30000 30122 30123 30006 30127 30124 30121 
0001  30103 30109 30107 30000 30106 30102 0001  0001  0001  0001  30110 30001 30039 30040 30041 30000 30111 0001  0001  0001  0001  30103 30107 30000 30000 30000 30126 30125 30123 
0001  0001  0001  30103 30109 30102 0001  0001  0001  0001  0001  30103 30107 30039 30040 30041 30106 30102 0001  0001  0001  0001  0001  30103 30107 30025 30052 30122 30123 30000 