0001  44440 44444 44444 44444 44444 44444 44444 44444 44441 0001  0001  0001  0001  0001  0001  0001  0001  0001  0001  0001  0001  0001  0001  0001  0001  0001  0001  0001  0001  0001  0001  44440 44444 44444 44444 44444 44444 44444 44444 44441 0001 
0001  44447 40001 40000 40000 40002 40000 40000 40001 44446 0001  0001  0001  0001  0001  0001  0001  0001  0001  0001  0001  0001  0001  0001  0001  0001  0001  0001  0001  0001  0001  0001  44447 40001 40000 40000 40002 40000 40000 40001 44446 0001 
0001  44447 40003 40004 40004 40005 40004 40004 40003 44446 0001  0001  0001  0001  0001  0001  0001  0001  0001  0001  0001  0001  0001  0001  0001  0001  0001  0001  0001  0001  0001  0001  44447 40003 40004 40004 40005 40004 40004 40003 44446 0001  
0001  44447 40101 40103 40200 40103 40200 40103 40102 44446 0001  0001  0001  0001  0001  0001  0001  0001  0001  0001  0001  0001  0001  0001  0001  0001  0001  0001  0001  0001  0001  0001  44447 40101 40100 40100 40100 40100 40100 40102 44446 0001  
0001  44447 40104 40100 40100 40100 40100 40100 40105 44446 0001  0001  0001  0001  0001  0001  44440 44444 44444 44444 44444 44444 44444 44444 44444 44444 44441 0001  0001  0001  0001  0001  44447 40104 40100 40201 40100 40202 40100 40105 44446 0001 
0001  44447 40104 40100 40100 40100 40100 40100 40105 44446 0001  0001  0001  0001  0001  0001  44447 40001 40000 40002 40000 40002 40000 40002 40000 40001 44446 0001  0001  0001  0001  0001  44447 40104 40100 40203 40100 40204 40100 40105 44446 0001 
0001  44447 40104 40100 40100 40100 40100 40100 40105 44446 0001  0001  0001  0001  0001  0001  44447 40006 40004 40005 40004 40005 40004 40005 40004 40006 44446 0001  0001  0001  0001  0001  44447 40104 40100 40100 40100 40100 40100 40105 44446 0001 
0001  44447 40104 40100 40100 40100 40100 40100 40105 44446 0001  0001  0001  0001  0001  0001  44447 40101 40103 40103 40107 40107 40107 40108 40103 40102 44446 0001  0001  0001  0001  0001  44447 40104 40100 40100 40205 40100 40100 40105 44446 0001 
0001  44447 40109 40112 40112 40100 40112 40112 40111 44446 0001  0001  0001  44440 44444 44444 44448 40104 40206 40105 40114 40114 40114 40115 40207 40105 44449 44444 44444 44441 0001  0001  44447 40109 40112 40112 40110 40112 40112 40111 44446 0001 
0001  44442 44445 44445 44450 40113 44445 44445 44445 44443 0001  0001  0001  44447 40001 40000 40000 40104 40208 40105 40114 40210 40114 40115 40209 40105 40000 40000 40001 44446 0001  0001  44442 44445 44445 44450 40113 44451 44445 44445 44443 0001 
0001  0001  0001  0001  44447 40113 44449 44444 44444 44444 44444 44444 44444 44448 40006 40004 40004 40104 40100 40105 40114 40114 40114 40115 40100 40105 40004 40004 40006 44449 44444 44444 44444 44444 44444 44448 40113 44446 0001  0001  0001  0001 
0001  0001  0001  0001  44447 40113 40000 40000 40000 40000 40000 40000 40000 40000 40101 40103 40103 40100 40100 40100 40103 40103 40103 40100 40100 40100 40103 40103 40102 40000 40000 40000 40000 40000 40000 40000 40113 44446 0001  0001  0001  0001 
0001  0001  0001  0001  44447 40113 40004 40004 40004 40004 40004 40004 40004 40004 40104 40100 40100 40100 40100 40112 40112 40112 40112 40112 40100 40100 40100 40100 40105 40004 40004 40004 40004 40004 40004 40004 40113 44446 0001  0001  0001  0001 
0001  0001  0001  0001  44447 40109 40107 40107 40107 40107 40107 40107 40107 40107 40100 40100 40100 40112 40111 44451 44445 44445 44445 44450 40109 40112 40100 40100 40100 40107 40107 40107 40107 40107 40107 40107 40111 44446 0001  0001  0001  0001 
44440 44444 44444 44444 44444 44452 44452 44452 44452 44452 44445 44445 44445 44450 40115 40100 40105 44451 44445 0001  44444 44444 44444 0001  44445 44450 40115 40100 40105 44451 44445 44445 44452 44452 44452 44452 44452 44444 44444 44444 44444 0001 
44447 40001 40000 40000 40000 40000 40000 40000 40000 40001 44446 0001  0001  44447 40104 40100 40105 44449 44444 44448 40008 40008 40008 44449 44444 44448 40104 40100 40105 44446 0001  44447 40001 40000 40000 40000 40000 40000 40000 40000 40001 44446 
44447 40006 40004 40004 40004 40004 40004 40004 40004 40006 44446 0001  0001  44447 40104 40100 40105 40000 40001 40000 40008 40008 40008 40000 40001 40000 40104 40100 40105 44446 0001  44447 40006 40004 40004 40004 40004 40004 40004 40004 40006 44446 
44447 40101 40103 40103 40103 40103 40103 40103 40103 40102 44446 0001  0001  44447 40104 40100 40105 40004 40003 40004 40008 40008 40008 40004 40003 40004 40104 40100 40105 44446 0001  44447 40101 40103 40103 40103 40103 40103 40103 40103 40102 44446 
44447 40104 40100 40211 40112 40112 40112 40211 40100 40105 44446 0001  0001  44447 40109 40100 40100 40103 40103 40103 40103 40103 40103 40103 40103 40103 40100 40100 40111 44446 0001  44447 40104 40100 40211 40112 40112 40112 40211 40100 40105 44446 
44447 40104 40100 40212 40114 40114 40114 40212 40100 40105 44446 0001  0001  44442 44450 40109 40100 40100 40100 40100 40100 40100 40100 40100 40100 40100 40100 40111 44451 44443 0001  44447 40104 40100 40212 40114 40114 40114 40212 40100 40105 44446 
44447 40104 40105 40114 40114 40114 40114 40114 40115 40105 44446 0001  0001  0001  44442 44450 40104 40100 40100 40100 40100 40100 40100 40100 40100 40100 40105 44451 44443 0001  0001  44447 40104 40105 40114 40114 40114 40114 40114 40115 40105 44446 
44447 40104 40105 40114 40114 40114 40114 40114 40115 40105 44446 0001  0001  0001  0001  44447 40104 40100 40100 40100 40100 40100 40100 40100 40100 40100 40105 44446 0001  0001  0001  44447 40104 40105 40114 40114 40114 40114 40114 40115 40105 44446 
44447 40104 40105 40211 40114 40114 40114 40211 40115 40105 44446 0001  0001  0001  0001  44447 40109 40112 40112 40100 40100 40100 40100 40100 40112 40112 40111 44446 0001  0001  0001  44447 40104 40105 40211 40114 40114 40114 40211 40115 40105 44446 
44447 40104 40100 40212 40114 40114 40114 40212 40100 40105 44446 0001  0001  0001  0001  44442 44445 44445 44450 40116 40100 40100 40100 40117 44451 44445 44445 44443 0001  0001  0001  44447 40104 40100 40212 40114 40114 40114 40212 40100 40105 44446 
44447 40104 40100 40100 40103 40103 40103 40100 40100 40105 44446 0001  0001  0001  0001  0001  0001  0001  44447 40118 40008 40008 40008 40119 44446 0001  0001  0001  0001  0001  0001  44447 40104 40100 40100 40103 40103 40103 40100 40100 40105 44446 
44447 40109 40100 40100 40100 40112 40112 40112 40112 40111 44446 0001  0001  0001  0001  0001  0001  0001  44447 40118 40008 40008 40008 40119 44446 0001  0001  0001  0001  0001  0001  44447 40109 40112 40112 40112 40112 40112 40112 40112 40111 44446 
44442 44450 40115 40100 40105 44451 44445 44445 44445 44445 44443 0001  0001  0001  0001  0001  0001  0001  44447 40118 40008 40008 40008 40119 44446 0001  0001  0001  0001  0001  0001  44442 44445 44445 44445 44445 44445 44450 40104 40100 40105 44446 
0001  44447 40104 40100 40105 44446 0001  0001  0001  0001  0001  0001  0001  0001  0001  0001  44440 44444 44448 40118 40008 40008 40008 40119 44449 44444 44441 0001  0001  0001  0001  0001  0001  0001  0001  0001  0001  44447 40104 40100 40105 44446 
0001  44447 40104 40100 40105 44446 0001  0001  0001  0001  0001  0001  0001  0001  0001  0001  44447 40001 40000 40118 40008 40008 40008 40119 40000 40001 44446 0001  0001  0001  0001  0001  0001  0001  0001  0001  0001  44447 40104 40100 40105 44446
0001  44447 40104 40100 40105 44446 0001  0001  0001  0001  0001  0001  0001  0001  0001  0001  44447 40003 40004 40120 40100 40100 40100 40121 40004 40003 44446 0001  0001  0001  0001  0001  0001  0001  0001  0001  0001  44447 40104 40100 40105 44446
0001  44447 40104 40100 40105 44446 0001  0001  0001  0001  0001  0001  0001  44440 44444 44444 44448 40101 40103 40100 40100 40100 40100 40100 40103 40102 44449 44444 44444 44441 0001  0001  0001  0001  0001  0001  0001  44447 40104 40100 40105 44446
0001  44447 40109 40110 40111 44449 44444 44444 44444 44444 44441 0001  0001  44447 40009 40010 40000 40104 40100 40100 40100 40100 40100 40100 40100 40105 40000 40009 40010 44446 0001  0001  44440 44444 44444 44444 44444 44448 40109 40110 40111 44446 
0001  44447 40008 40008 40008 40000 40000 40000 40000 40001 44446 0001  0001  44447 40009 40010 40004 40104 40100 40112 40112 40112 40112 40112 40100 40105 40004 40009 40010 44446 0001  0001  44447 40001 40000 40000 40000 40000 40008 40008 40008 44446
0001  44447 40008 40008 40008 40004 40004 40004 40004 40005 44446 0001  0001  44447 41025 40126 41022 40109 40111 40123 40124 40213 40124 40123 40109 40111 40123 40126 40127 44446 0001  0001  44447 40005 40004 40004 40004 40004 40008 40008 40008 44446 
0001  44447 40104 40103 40103 40103 40103 40103 40103 40102 44449 44444 44444 44448 41025 40126 40215 40128 40124 40126 40126 40214 40126 40126 40124 40128 40215 40126 40127 44449 44444 44444 44448 40101 40103 40103 40103 40103 40103 40100 40105 44446  
0001  44447 40104 40100 40100 40100 40100 40100 40100 40105 40000 40000 40000 40000 40125 40132 40212 40129 40126 40213 40126 40216 40126 40213 40126 40129 40212 40132 40131 40000 40000 40000 40000 40104 40100 40100 40100 40100 40100 40100 40105 44446 
0001  44447 40104 40100 40133 40133 40133 40133 40100 40105 40004 40004 40004 40004 40103 40103 40103 40103 40130 40214 40130 40217 40130 40214 40130 40115 40103 40103 40105 40004 40004 40004 40004 40104 40100 40133 40133 40133 40133 40100 40105 44446 
0001  44447 40104 40100 40133 40134 40135 40133 40100 40100 40107 40107 40107 40107 40100 40100 40100 40105 40130 40124 40126 40213 40126 40124 40127 40115 40100 40100 40100 40107 40107 40107 40107 40100 40100 40133 40134 40135 40133 40100 40105 44446 
0001  44447 40104 40100 40133 40136 40137 40133 40100 40105 44451 44445 44445 44450 40104 40100 40100 40105 40125 40126 40127 40214 40125 40126 40131 40115 40100 40100 40105 44451 44445 44445 44450 40115 40100 40133 40136 40137 40133 40100 40105 44446 
0001  44447 40104 40100 40133 40133 40133 40133 40100 40105 44446 0001  0001  44447 40104 40100 40100 40100 40103 40103 40103 40103 40103 40103 40103 40100 40100 40100 40105 44446 0001  0001  44447 40104 40100 40133 40133 40133 40133 40100 40105 44446 
0001  44447 40104 40100 40100 40100 40100 40100 40100 40105 44446 0001  0001  44447 40104 40100 40100 40100 40100 40100 40100 40100 40100 40100 40100 40100 40100 40100 40105 44446 0001  0001  44447 40104 40100 40100 40100 40100 40100 40100 40105 44446 
0001  44447 40109 40112 40112 40112 40112 40112 40112 40111 44446 0001  0001  44447 40109 40112 40112 40100 40100 40100 40100 40100 40100 40100 40100 40100 40112 40112 40111 44446 0001  0001  44447 40109 40112 40112 40112 40112 40112 40112 40111 44446 
0001  44442 44445 44445 44445 44445 44445 44445 44445 44445 44443 0001  0001  44442 44445 44445 44450 40104 40100 40100 40100 40100 40100 40100 44451 44445 44445 44445 44445 44443 0001  0001  44442 44445 44445 44445 44445 44445 44445 44445 44445 44443 
0001  0001  0001  0001  0001  0001  0001  0001  0001  0001  0001  0001  0001  0001  0001  0001 44447 40104 40100 40100 40100 40100 40100 40105 44446 0001 0001 0001  0001  0001  0001  0001  0001  0001  0001  0001  0001  0001  0001  0001  0001  0001
0001  0001  0001  0001  0001  0001  0001  0001  0001  0001  0001  0001  0001  0001  0001  0001  44447 40109 40112 40100 40100 40100 40112 40111 44446 0001  0001  0001  0001  0001  0001  0001  0001  0001  0001  0001  0001  0001  0001  0001  0001  0001
0001  0001  0001  0001  0001  0001  0001  0001  0001  0001  0001  0001  0001  0001  0001  0001  44442 44445 44450 40104 40100 40105 44451 44445 44443 0001  0001  0001  0001  0001  0001  0001  0001  0001  0001  0001  0001  0001  0001  0001  0001  0001
0001  0001  0001  0001  0001  0001  0001  0001  0001  0001  0001  0001  0001  0001  0001  0001  0001  0001  44447 40104 40100 40105 44446 0001 0001 0001  0001  0001  0001  0001  0001  0001  0001  0001  0001  0001  0001  0001  0001  0001  0001  0001
0001  0001  0001  0001  0001  0001  0001  0001  0001  0001  0001  0001  0001  0001  0001  0001  0001  0001  44447 40104 40100 40105 44446 0001 0001 0001  0001  0001  0001  0001  0001  0001  0001  0001  0001  0001  0001  0001  0001  0001  0001  0001