0001  0001  0001  0001  0001  0001  0001  0001  0001  0001  0001  0001  0001  0001  0001  80000 80000 80000 80000 80000 80000 80000 80000 80000 80000 80000 0001  0001  0001  0001  0001  0001  0001  0001  0001  0001  0001  0001  0001  0001  0001  
0001  0001  0001  0001  0001  0001  0001  0001  0001  0001  0001  0001  80000 80000 80000 80000 80000 80000 80000 80001 80002 80001 80000 80000 80000 80000 80000 80000 80000 0001  0001  0001  0001  0001  0001  0001  0001  0001  0001  0001  0001  
0001  0001  0001  0001  0001  0001  0001  0001  0001  0001  80000 80000 80000 80002 80003 80000 80000 80000 80000 80001 80004 80001 80000 80000 80000 80000 80003 80002 80000 80000 80000 0001  0001  0001  0001  0001  0001  0001  0001  0001  0001  
0001  0001  0001  0001  0001  0001  0001  0001  0001  80000 80000 80001 80001 80004 80005 80000 80000 80000 80000 80101 80100 80100 80000 80000 80000 80000 80005 80004 80001 80001 80000 80000 0001  0001  0001  0001  0001  0001  0001  0001  0001  
0001  0001  0001  0001  0001  0001  0001  0001  80000 80000 80001 80001 80001 80101 80102 80000 80003 80001 80001 80101 80100 80100 80001 80001 80003 80000 80103 80100 80001 80001 80001 80000 80000 0001  0001  0001  0001  0001  0001  0001  0001  
0001  0001  0001  0001  0001  0001  0001  80000 80000 80001 80001 80101 80100 80100 80100 80000 80005 80001 80001 80101 80100 80100 80001 80001 80005 80000 80101 80100 80100 80100 80001 80001 80000 80000 0001  0001  0001  0001  0001  0001  0001  
0001  0001  0001  0001  0001  0001  80000 80000 80001 80002 80001 80100 80104 80100 80100 80000 80103 80100 80100 80100 80100 80100 80100 80100 80102 80000 80101 80100 80104 80100 80100 80001 80002 80000 80000 0001  0001  0001  0001  0001  0001  
0001  0001  0001  0001  0001  80000 80000 80001 80004 80105 80105 80100 80106 80100 80100 80000 80101 80100 80100 80100 80100 80100 80100 80100 80100 80000 80101 80100 80106 80100 80105 80105 80004 80001 80000 80000 0001  0001  0001  0001  0001  
0001  0001  0001  0001  80000 80000 80001 80001 80101 80107 80107 80100 80108 80100 80100 80000 80101 80100 80100 80000 80000 80000 80100 80100 80100 80000 80101 80100 80108 80100 80107 80107 80101 80001 80001 80000 80000 0001  0001  0001  0001  
0001  0001  0001  0001  80000 80003 80001 80101 80100 80100 80100 80100 80100 80100 80100 80000 80101 80100 80100 80000 80000 80000 80101 80100 80100 80000 80101 80100 80100 80100 80100 80100 80100 80100 80001 80003 80000 0001  0001  0001  0001  
0001  0001  0001  80000 80000 80005 80100 80100 80100 80100 80100 80100 80000 80000 80000 80000 80101 80100 80100 80000 80000 80000 80101 80100 80100 80000 80000 80000 80000 80100 80100 80100 80100 80100 80100 80005 80000 80000 0001  0001  0001  
0001  0001  0001  80000 80000 80103 80100 80100 80100 80100 80100 80100 80000 80003 80001 80001 80101 80100 80100 80000 80000 80000 80101 80100 80100 80001 80001 80003 80000 80101 80100 80100 80100 80100 80100 80102 80000 80000 0001  0001  0001  
0001  0001  0001  80000 80000 80101 80100 80100 80100 80100 80100 80100 80000 80005 80001 80001 80101 80100 80100 80000 80000 80000 80101 80100 80100 80001 80001 80005 80000 80101 80100 80100 80100 80100 80100 80100 80000 80000 0001  0001  0001  
0001  0001  80000 80000 80000 80000 80000 80100 80100 80100 80000 80000 80000 80103 80100 80100 80100 80100 80100 80001 80001 80001 80101 80100 80100 80100 80100 80102 80000 80000 80000 80100 80100 80100 80000 80000 80000 80000 80000 0001  0001  
0001  0001  80000 80003 80001 80001 80001 80101 80109 80100 80001 80001 80001 80101 80100 80110 80111 80100 80100 80001 80001 80001 80101 80100 80110 80111 80100 80100 80001 80001 80001 80101 80109 80100 80001 80001 80001 80003 80000 0001  0001  
0001  0001  80000 80005 80001 80001 80001 80101 80109 80100 80001 80001 80001 80101 80100 80112 80113 80100 80100 80100 80100 80100 80100 80100 80112 80113 80100 80100 80001 80001 80001 80101 80109 80100 80001 80001 80001 80005 80000 0001  0001  
0001  0001  80000 80103 80100 80104 80100 80100 80100 80100 80100 80104 80100 80100 80100 80100 80115 80100 80100 80100 80100 80100 80100 80100 80115 80100 80100 80100 80100 80104 80100 80100 80100 80100 80100 80104 80100 80102 80000 0001  0001  
0001  0001  80000 80101 80100 80116 80100 80100 80100 80100 80100 80116 80100 80100 80100 80100 80117 80100 80100 80100 80100 80100 80100 80100 80117 80100 80100 80100 80100 80116 80100 80100 80100 80100 80100 80116 80100 80100 80000 0001  0001  
0001  0001  80000 80101 80100 80100 80100 80100 80100 80100 80100 80100 80100 80100 80100 80100 80100 80100 80100 80100 80100 80100 80100 80100 80100 80100 80100 80100 80100 80100 80100 80100 80100 80100 80100 80100 80100 80100 80000 0001  0001  
0001  0001  80000 80101 80100 80100 80000 80000 80000 80000 80000 80000 80000 80000 80000 80100 80100 80100 80100 80100 80100 80100 80100 80100 80100 80100 80000 80000 80000 80000 80000 80000 80000 80000 80000 80100 80100 80100 80000 0001  0001  
0001  0001  80000 80101 80100 80100 80000 80000 80000 80000 80000 80000 80000 80000 80000 80101 80100 80100 80100 80118 80119 80120 80100 80100 80100 80100 80000 80000 80000 80000 80000 80000 80000 80000 80000 80101 80100 80100 80000 0001  0001  
0001  0001  80000 80101 80100 80100 80001 80006 80001 80007 80008 80009 80001 80001 80001 80101 80100 80100 80100 80121 80122 80123 80100 80100 80100 80100 80001 80001 80001 80007 80008 80009 80001 80006 80001 80101 80100 80100 80000 0001  0001  
0001  0001  80000 80101 80100 80100 80001 80001 80001 80001 80001 80001 80001 80001 80001 80101 80100 80100 80100 80124 80125 80126 80100 80100 80100 80100 80001 80001 80001 80001 80001 80001 80001 80001 80001 80101 80100 80100 80000 0001  0001  
0001  0001  80000 80101 80100 80100 80100 80100 80100 80100 80100 80100 80100 80100 80100 80100 80100 80100 80100 80100 80100 80100 80100 80100 80100 80100 80100 80100 80100 80100 80100 80100 80100 80100 80100 80100 80100 80100 80000 0001  0001  
0001  0001  80000 80000 80100 80100 80100 80100 80100 80100 80100 80100 80100 80100 80100 80100 80115 80100 80100 80100 80100 80100 80100 80100 80115 80100 80100 80100 80100 80100 80100 80100 80100 80100 80100 80100 80100 80000 80000 0001  0001  
0001  0001  80001 80000 80000 80000 80000 80100 80100 80100 80000 80000 80000 80100 80100 80100 80117 80100 80100 80100 80100 80100 80100 80100 80117 80100 80100 80100 80000 80000 80000 80100 80100 80100 80000 80000 80000 80000 80001 0001  0001  
0001  0001  80001 80000 80000 80003 80001 80101 80010 80100 80001 80003 80000 80101 80100 80110 80111 80100 80100 80100 80100 80100 80100 80100 80110 80111 80100 80100 80000 80003 80001 80101 80010 80100 80001 80003 80000 80000 80001 0001  0001  
0001  0001  0001  80000 80000 80005 80001 80101 80010 80100 80001 80005 80000 80101 80100 80112 80113 80100 80100 80000 80000 80000 80100 80100 80112 80113 80100 80100 80000 80005 80001 80101 80010 80100 80001 80005 80000 80000 0001  0001  0001  
0001  0001  0001  80001 80000 80103 80100 80100 80100 80100 80100 80102 80000 80101 80100 80100 80100 80100 80100 80000 80000 80000 80101 80100 80100 80100 80100 80100 80000 80103 80100 80100 80100 80100 80100 80102 80000 80001 0001  0001  0001  
0001  0001  0001  80001 80000 80000 80100 80100 80100 80100 80100 80100 80000 80000 80000 80000 80100 80100 80000 80000 80000 80000 80000 80100 80100 80000 80000 80000 80000 80101 80100 80100 80100 80100 80100 80000 80000 80001 0001  0001  0001  
0001  0001  0001  0001  80001 80000 80000 80100 80100 80100 80100 80100 80001 80001 80001 80000 80101 80100 80000 80127 80128 80129 80000 80101 80100 80000 80001 80001 80001 80101 80100 80100 80100 80100 80000 80000 80001 0001  0001  0001  0001  
0001  0001  0001  0001  80001 80001 80000 80000 80100 80011 80011 80100 80001 80001 80001 80000 80101 80100 80000 80130 80131 80132 80000 80101 80100 80000 80001 80001 80001 80101 80011 80011 80100 80000 80000 80001 80001 0001  0001  0001  0001  
0001  0001  0001  0001  0001  80001 80001 80000 80000 80012 80012 80100 80100 80013 80014 80000 80101 80100 80001 80101 80100 80100 80001 80101 80100 80000 80013 80014 80100 80100 80012 80012 80000 80000 80001 80001 0001  0001  0001  0001  0001  
0001  0001  0001  0001  0001  0001  80001 80001 80000 80000 80100 80100 80100 80015 80016 80000 80101 80100 80001 80100 80100 80100 80001 80101 80100 80000 80015 80016 80100 80100 80100 80000 80000 80001 80001 0001  0001  0001  0001  0001  0001  
0001  0001  0001  0001  0001  0001  0001  80001 80001 80000 80000 80100 80100 80100 80100 80000 80101 80100 80100 80100 80100 80100 80100 80100 80100 80000 80101 80100 80100 80100 80000 80000 80001 80001 0001  0001  0001  0001  0001  0001  0001  
0001  0001  0001  0001  0001  0001  0001  0001  80001 80001 80000 80000 80000 80100 80100 80000 80101 80100 80100 80100 80017 80100 80100 80100 80100 80000 80101 80100 80000 80000 80000 80001 80001 0001  0001  0001  0001  0001  0001  0001  0001 
0001  0001  0001  0001  0001  0001  0001  0001  0001  80001 80001 80001 80000 80000 80000 80000 80101 80100 80100 80100 80019 80100 80100 80100 80100 80000 80000 80000 80000 80001 80001 80001 0001  0001  0001  0001  0001  0001  0001  0001  0001 
0001  0001  0001  0001  0001  0001  0001  0001  0001  0001  80001 80001 80001 80001 80001 80000 80000 80000 80000 80000 80000 80000 80000 80000 80000 80000 80001 80001 80001 80001 80001 0001  0001  0001  0001  0001  0001  0001  0001  0001  0001  
0001  0001  0001  0001  0001  0001  0001  0001  0001  0001  0001  0001  80001 80001 80001 80001 80001 80001 80001 80001 80001 80001 80001 80001 80001 80001 80001 80001 80001 0001  0001  0001  0001  0001  0001  0001  0001  0001  0001  0001  0001  
0001  0001  0001  0001  0001  0001  0001  0001  0001  0001  0001  0001  0001  0001  0001  80001 80001 80001 80001 80001 80001 80001 80001 80001 80001 80001 0001  0001  0001  0001  0001  0001  0001  0001  0001  0001  0001  0001  0001  0001  0001  