0001  0001  0001  0001  0001  0001  0001  0001  0001  0001  0001  0001  0001  44440 44444 44444 44444 44444 44444 44441 0001  0001  0001  0001  0001  0001  0001  0001  0001  0001  0001  0001  0001  0001 
0001  0001  0001  0001  0001  0001  0001  0001  0001  0001  0001  44440 44444 44448 40001 40000 40002 40000 40001 44449 44444 44441 0001  0001  0001  0001  0001  0001  0001  0001  0001  0001  0001  0001 
0001  0001  0001  0001  0001  0001  0001  0001  0001  0001  44440 44448 40000 40000 40003 40004 40005 40004 40003 40000 40000 44449 44441 0001  0001  0001  0001  0001  0001  0001  0001  0001  0001  0001 
0001  0001  0001  0001  0001  0001  0001  0001  0001  0001  44447 40002 40004 40004 40101 40107 40107 40107 40102 40004 40004 40002 44446 0001  0001  0001  0001  0001  0001  0001  0001  0001  0001  0001 
0001  0001  0001  0001  0001  0001  0001  0001  0001  44440 44448 40005 40104 40139 44453 44455 44455 44455 44454 40140 40139 40005 44449 44441 0001  0001  0001  0001  0001  0001  0001  0001  0001  0001 
0001  0001  0001  0001  0001  0001  0001  0001  0001  44447 40001 40104 40100 40105 44456 40118 40008 40119 44456 40104 40100 40139 40001 44446 0001  0001  0001  0001  0001  0001  0001  0001  0001  0001 
0001  0001  0001  0001  0001  0001  0001  0001  0001  44447 40003 40109 40112 40111 40000 40118 40008 40119 40000 40109 40112 40111 40003 44446 0001  0001  0001  0001  0001  0001  0001  0001  0001  0001 
0001  0001  0001  0001  0001  0001  0001  0001  0001  44447 40141 40114 40218 40114 40004 40118 40008 40119 40004 40143 40218 40114 40142 44446 0001  0001  0001  0001  0001  0001  0001  0001  0001  0001 
0001  0001  0001  0001  0001  0001  0001  0001  0001  44447 40143 40114 40219 40114 40114 40140 40103 40139 40114 40114 40219 40114 40114 44446 0001  0001  0001  0001  0001  0001  0001  0001  0001  0001 
0001  0001  0001  0001  0001  0001  0001  0001  0001  44442 44450 40114 40114 40114 40114 40115 40100 40105 40114 40114 40114 40114 44451 44443 0001  0001  0001  0001  0001  0001  0001  0001  0001  0001 
0001  0001  0001  0001  0001  0001  0001  0001  0001  0001  44447 40143 40114 40114 40128 40115 40100 40105 40128 40114 40114 40114 44446 0001  0001  0001  0001  0001  0001  0001  0001  0001  0001  0001 
0001  0001  0001  0001  0001  0001  0001  0001  0001  0001  44442 44450 40114 40114 40129 40115 40100 40105 40129 40114 40114 44451 44443 0001  0001  0001  0001  0001  0001  0001  0001  0001  0001  0001 
44440 44444 44444 44444 44444 44444 44444 44444 44441 0001  0001  44442 44445 44450 40114 40115 40100 40105 40114 44451 44445 44443 0001  0001  0001  44440 44444 44444 44444 44444 44444 44444 44444 44441 
44447 40001 40000 40000 40000 40000 40000 40001 44446 0001  0001  0001  0001  44442 44450 40116 40100 40117 44451 44443 0001  0001  0001  0001  0001  44447 40001 40000 40000 40000 40000 40000 40001 44446 
44447 40003 40004 40004 40004 40004 40004 40003 44446 0001  0001  0001  0001  0001  44447 40118 40008 40119 44446 0001  0001  0001  0001  0001  0001  44447 40003 40004 40004 40004 40004 40004 40003 44446 
44447 40141 40114 40114 40114 40114 40114 40141 44446 0001  0001  0001  0001  0001  44447 40118 40008 40119 44446 0001  0001  0001  0001  0001  0001  44447 40141 40114 40114 40114 40114 40114 40141 44446 
44447 40143 40114 40114 40114 40114 40114 40114 44446 0001  0001  0001  0001  0001  44447 40118 40008 40119 44446 0001  0001  0001  0001  0001  0001  44447 40143 40114 40114 40114 40114 40114 40114 44446 
44447 40144 40114 40114 40114 40114 40114 40144 44446 0001  0001  0001  0001  0001  44447 40118 40008 40119 44446 0001  0001  0001  0001  0001  0001  44447 40143 40114 40114 40114 40114 40114 40114 44446 
44447 40125 40122 40114 40114 40114 40123 40127 44446 0001  0001  44440 44444 44444 44448 40143 40114 40114 44449 44444 44444 44441 0001  0001  0001  44447 40125 40122 40114 40114 40114 40123 40127 44446 
44447 40125 40126 40122 40114 40123 40126 40127 44446 0001  0001  44447 40001 40000 40001 40143 40114 40114 40001 40000 40001 44446 0001  0001  0001  44447 40125 40126 40122 40114 40123 40126 40127 44446 
44447 40125 40132 40131 40114 40132 40132 40131 44446 0001  0001  44447 40003 40004 40003 40143 40114 40114 40003 40004 40003 44446 0001  0001  0001  44447 40125 40132 40131 40114 40125 40132 40131 44446 
44442 44445 44445 44450 40114 44455 44455 44455 44444 44444 44444 44448 40141 40114 40142 40114 40114 40114 40142 40114 40142 44449 44444 44444 44444 44444 44455 44455 44455 40114 44451 44445 44445 44443 
0001  0001  0001  44447 40143 40000 40000 40000 40000 40000 40000 40000 40143 40114 40114 40114 40114 40114 40114 40114 40114 40000 40000 40000 40000 40000 40000 40000 40000 40143 44446 0001  0001  0001  
0001  0001  0001  44447 40143 40004 40004 40004 40004 40004 40004 40004 40143 40114 44451 40008 40008 40008 44450 40114 40114 40004 40004 40004 40004 40004 40004 40004 40004 40143 44446 0001  0001  0001  
0001  0001  0001  44447 40143 40114 40114 40114 40114 40114 40114 40114 40114 40114 44446 40008 40008 40008 44447 40143 40114 40114 40114 40114 40114 40114 40114 40114 40114 40114 44446 0001  0001  0001  
0001  0001  0001  44442 44445 44445 44445 44445 44445 44445 44445 44450 40114 40114 44449 44452 44452 44452 44448 40143 40114 44451 44445 44445 44445 44445 44445 44445 44445 44445 44443 0001  0001  0001  
0001  0001  0001  0001  0001  0001  0001  0001  0001  0001  0001  44447 40143 40114 40000 40000 40000 40000 40000 40143 40114 44446 0001  0001  0001  0001  0001  0001  0001  0001  0001  0001  0001  0001  
0001  0001  0001  0001  0001  0001  0001  0001  0001  0001  0001  44442 44450 40114 40004 40004 40004 40004 40004 40143 44451 44443 0001  0001  0001  0001  0001  0001  0001  0001  0001  0001  0001  0001  
0001  0001  0001  0001  0001  0001  0001  0001  0001  0001  0001  0001  44447 40143 40114 40114 40114 40114 40114 40114 44446 0001  0001  0001  0001  0001  0001  0001  0001  0001  0001  0001  0001  0001  
0001  0001  0001  0001  0001  0001  0001  0001  0001  0001  0001  0001  44442 44445 44445 44450 40114 44451 44445 44445 44443 0001  0001  0001  0001  0001  0001  0001  0001  0001  0001  0001  0001  0001  