0001  0001  0001  0001  0001  0001  0001  0001  0001  0001  0001  0001  0001  0001  0001  0001  0001  0001  0001  0001  0001  
0001  15110 15120 15120 15120 15120 15120 15120 15120 15120 15120 15120 15120 15120 15120 15120 15120 15120 15120 15120 0001
0001  15010 15999 15999 15999 15999 15030 14103 14103 14102 14103 14103 14103 14103 14104 14103 14104 14103 14103 15010 0001
0001  15010 15999 15999 15999 15999 15030 11000 16074 14202 14202 16074 16074 14202 14203 14202 14203 14202 16050 15010 0001
0001  15010 15220 15220 15220 15220 15230 11002 16076 16075 16075 16076 11002 16072 14000 14000 14000 14000 16051 15010 0001
0001  15020 14103 14105 14106 14103 14103 14001 14000 14000 14000 14000 14000 16072 14000 16053 16053 16054 14000 15020 0001 
0001  15020 14202 14205 14206 16064 16050 16070 16071 16071 16073 16071 16071 16071 14000 16055 16056 16057 14000 15020 0001 
0001  15020 14001 14000 14000 16065 16051 14005 14006 14006 14006 14006 14006 14007 14000 14002 14003 14004 14000 15020 0001 
0001  15020 14001 14000 14000 14000 14000 14000 14000 14000 14000 14000 14000 14000 14000 16057 16060 16061 14000 15020 0001 
0001  15020 16066 14000 14000 14000 14000 14000 14000 14000 14000 14000 14000 14000 14000 16060 16063 16063 14000 15020 0001 
0001  15020 16077 16078 14000 14000 14000 14000 14000 14000 14000 14000 14000 14000 14000 14002 14003 14004 14000 15020 0001 
0001  15210 15021 15021 15021 15021 15021 15021 15021 14000 14000 14000 15021 15021 15021 15021 15021 15021 15021 15230 0001 
0001  14106 14106 14106 14106 14106 14106 14106 14106 14001 14000 14000 14106 14106 14106 14106 14106 14106 14106 14106 0001 